5.780000000000000000e+03
5.822000000000000000e+03
6.228000000000000000e+03
6.515000000000000000e+03
6.736000000000000000e+03
9.584000000000000000e+03
1.069700000000000000e+04
1.130100000000000000e+04
1.384200000000000000e+04
1.694800000000000000e+04
1.710200000000000000e+04
1.738700000000000000e+04
1.754200000000000000e+04
1.825100000000000000e+04
1.866200000000000000e+04
1.879200000000000000e+04
1.915600000000000000e+04
1.923000000000000000e+04
1.949200000000000000e+04
1.964600000000000000e+04
2.087400000000000000e+04
2.090300000000000000e+04
2.130700000000000000e+04
2.134100000000000000e+04
2.178900000000000000e+04
2.221900000000000000e+04
2.223100000000000000e+04
2.235300000000000000e+04
2.281600000000000000e+04
2.294400000000000000e+04
2.359600000000000000e+04
2.405500000000000000e+04
2.450600000000000000e+04
2.555900000000000000e+04
2.560500000000000000e+04
2.646600000000000000e+04
2.676500000000000000e+04
2.802100000000000000e+04
2.802200000000000000e+04
2.811800000000000000e+04
2.833200000000000000e+04
2.842700000000000000e+04
2.846600000000000000e+04
2.864600000000000000e+04
2.883800000000000000e+04
2.887200000000000000e+04
2.893700000000000000e+04
2.924700000000000000e+04
2.932700000000000000e+04
2.957400000000000000e+04
2.964600000000000000e+04
2.968700000000000000e+04
2.970200000000000000e+04
2.971400000000000000e+04
3.020200000000000000e+04
3.050200000000000000e+04
3.055000000000000000e+04
3.058600000000000000e+04
3.093200000000000000e+04
3.096600000000000000e+04
3.116000000000000000e+04
3.122800000000000000e+04
3.133500000000000000e+04
3.138300000000000000e+04
3.170800000000000000e+04
3.204500000000000000e+04
3.204900000000000000e+04
3.205900000000000000e+04
3.210800000000000000e+04
3.226300000000000000e+04
3.229100000000000000e+04
3.230500000000000000e+04
3.232200000000000000e+04
3.258100000000000000e+04
3.298400000000000000e+04
3.298600000000000000e+04
3.298800000000000000e+04
3.299100000000000000e+04
3.314600000000000000e+04
3.347700000000000000e+04
3.389500000000000000e+04
3.409400000000000000e+04
3.410300000000000000e+04
3.434800000000000000e+04
3.524400000000000000e+04
3.535400000000000000e+04
3.537400000000000000e+04
3.544400000000000000e+04
3.607900000000000000e+04
3.736000000000000000e+04
3.772700000000000000e+04
3.776300000000000000e+04
3.798900000000000000e+04
3.817200000000000000e+04
3.832200000000000000e+04
3.835600000000000000e+04
3.880100000000000000e+04
3.893500000000000000e+04
3.912100000000000000e+04
3.913300000000000000e+04
3.927000000000000000e+04
3.932200000000000000e+04
3.960900000000000000e+04
3.990600000000000000e+04
4.024600000000000000e+04
4.029300000000000000e+04
4.029400000000000000e+04
4.048500000000000000e+04
4.050500000000000000e+04
4.056500000000000000e+04
4.058300000000000000e+04
4.063900000000000000e+04
4.080200000000000000e+04
4.126100000000000000e+04
4.138700000000000000e+04
4.143700000000000000e+04
4.148300000000000000e+04
4.173200000000000000e+04
4.204500000000000000e+04
4.206100000000000000e+04
4.238800000000000000e+04
4.261500000000000000e+04
4.262100000000000000e+04
4.300500000000000000e+04
4.305300000000000000e+04
4.360900000000000000e+04
4.361400000000000000e+04
4.376900000000000000e+04
4.377300000000000000e+04
4.390400000000000000e+04
4.390500000000000000e+04
4.405500000000000000e+04
4.432900000000000000e+04
4.434600000000000000e+04
4.434800000000000000e+04
4.442700000000000000e+04
4.451500000000000000e+04
4.456000000000000000e+04
4.463600000000000000e+04
4.503500000000000000e+04
4.519300000000000000e+04
4.520600000000000000e+04
4.549200000000000000e+04
4.581800000000000000e+04
4.585900000000000000e+04
4.588700000000000000e+04
4.593600000000000000e+04
4.607300000000000000e+04
4.613200000000000000e+04
4.640000000000000000e+04
4.640100000000000000e+04
4.661700000000000000e+04
4.665600000000000000e+04
4.672500000000000000e+04
4.672600000000000000e+04
4.672700000000000000e+04
4.672800000000000000e+04
4.676000000000000000e+04
4.679300000000000000e+04
4.694900000000000000e+04
4.696200000000000000e+04
4.723800000000000000e+04
4.743400000000000000e+04
4.747000000000000000e+04
4.758000000000000000e+04
4.759300000000000000e+04
4.773800000000000000e+04
4.778100000000000000e+04
4.781200000000000000e+04
4.781400000000000000e+04
4.794400000000000000e+04
4.819400000000000000e+04
4.851000000000000000e+04
4.876500000000000000e+04
4.876700000000000000e+04
4.877900000000000000e+04
4.884200000000000000e+04
4.908100000000000000e+04
4.933300000000000000e+04
4.968600000000000000e+04
5.005000000000000000e+04
5.006400000000000000e+04
5.006800000000000000e+04
5.030200000000000000e+04
5.052900000000000000e+04
5.053100000000000000e+04
5.085700000000000000e+04
5.111800000000000000e+04
5.130200000000000000e+04
5.148800000000000000e+04
5.148900000000000000e+04
5.151400000000000000e+04
5.151600000000000000e+04
5.167900000000000000e+04
5.170300000000000000e+04
5.187500000000000000e+04
5.187600000000000000e+04
5.205100000000000000e+04
5.206000000000000000e+04
5.221500000000000000e+04
5.221700000000000000e+04
5.222000000000000000e+04
5.245700000000000000e+04
5.248100000000000000e+04
5.259400000000000000e+04
5.259600000000000000e+04
5.286300000000000000e+04
5.297100000000000000e+04
5.319700000000000000e+04
5.356100000000000000e+04
5.381300000000000000e+04
5.399800000000000000e+04
5.399900000000000000e+04
5.412600000000000000e+04
5.458000000000000000e+04
5.473000000000000000e+04
5.485800000000000000e+04
5.500200000000000000e+04
5.542300000000000000e+04
5.546900000000000000e+04
5.575000000000000000e+04
5.613900000000000000e+04
5.718400000000000000e+04
5.767700000000000000e+04
5.992700000000000000e+04
6.048000000000000000e+04
6.052000000000000000e+04
6.058800000000000000e+04
6.078300000000000000e+04
6.120500000000000000e+04
6.122400000000000000e+04
6.287500000000000000e+04
6.304400000000000000e+04
6.320900000000000000e+04
6.398300000000000000e+04
6.502000000000000000e+04
6.537200000000000000e+04
6.548100000000000000e+04
6.627600000000000000e+04
6.638100000000000000e+04
6.641700000000000000e+04
6.664400000000000000e+04
6.664800000000000000e+04
6.677900000000000000e+04
6.683400000000000000e+04
6.684700000000000000e+04
